dest_ip,metadata_comment
185.239.84.0/24,AS55933 IPv4
103.197.24.0/23,AS55933 IPv4
185.243.240.0/22,AS55933 IPv4
144.48.9.0/24,AS55933 IPv4
199.187.18.0/23,AS55933 IPv4
45.89.232.0/23,AS55933 IPv4
123.254.111.0/24,AS55933 IPv4
194.32.148.0/24,AS55933 IPv4
103.195.150.0/23,AS55933 IPv4
103.226.126.0/23,AS55933 IPv4
103.224.80.0/22,AS55933 IPv4
154.89.148.0/23,AS55933 IPv4
203.160.53.0/24,AS55933 IPv4
103.197.26.0/24,AS55933 IPv4
43.240.12.0/22,AS55933 IPv4
24.233.20.0/24,AS55933 IPv4
103.195.148.0/23,AS55933 IPv4
123.254.104.0/21,AS55933 IPv4
206.237.21.0/24,AS55933 IPv4
24.233.9.0/24,AS55933 IPv4
103.151.4.0/23,AS55933 IPv4
43.254.218.0/23,AS55933 IPv4
45.64.74.0/23,AS55933 IPv4
122.0.192.0/22,AS55933 IPv4
43.237.132.0/22,AS55933 IPv4
103.153.128.0/24,AS55933 IPv4
102.134.56.0/22,AS55933 IPv4
122.0.216.0/22,AS55933 IPv4
38.147.174.0/23,AS55933 IPv4
193.42.24.0/22,AS55933 IPv4
103.145.106.0/23,AS55933 IPv4
43.243.168.0/23,AS55933 IPv4
2a0c:f480::/29,AS55933 IPv6
154.198.136.0/24,AS55933 IPv4
45.125.14.0/23,AS55933 IPv4
103.174.97.0/24,AS55933 IPv4
45.92.158.0/23,AS55933 IPv4
103.112.184.0/22,AS55933 IPv4
24.233.0.0/19,AS55933 IPv4
103.115.44.0/22,AS55933 IPv4
156.254.6.0/23,AS55933 IPv4
122.0.252.0/22,AS55933 IPv4
103.24.204.0/22,AS55933 IPv4
103.112.172.0/22,AS55933 IPv4
45.153.130.0/23,AS55933 IPv4
38.45.108.0/24,AS55933 IPv4
150.129.80.0/22,AS55933 IPv4
221.128.240.0/21,AS55933 IPv4
45.113.81.0/24,AS55933 IPv4
103.178.56.0/23,AS55933 IPv4
185.243.241.0/24,AS55933 IPv4
102.134.34.0/23,AS55933 IPv4
149.104.18.0/23,AS55933 IPv4
45.11.76.0/23,AS55933 IPv4
45.116.76.0/22,AS55933 IPv4
123.254.104.0/22,AS55933 IPv4
102.134.56.0/24,AS55933 IPv4
45.85.78.0/23,AS55933 IPv4
103.104.198.0/24,AS55933 IPv4
24.233.16.0/20,AS55933 IPv4
221.128.232.0/21,AS55933 IPv4
206.237.30.0/24,AS55933 IPv4
38.147.169.0/24,AS55933 IPv4
123.254.106.0/24,AS55933 IPv4
38.47.108.0/23,AS55933 IPv4
103.96.72.0/22,AS55933 IPv4
193.42.26.0/23,AS55933 IPv4
111.66.160.0/21,AS55933 IPv4
103.115.48.0/22,AS55933 IPv4
45.85.76.0/23,AS55933 IPv4
182.237.2.0/23,AS55933 IPv4
120.30.128.0/18,AS55933 IPv4
202.181.24.0/23,AS55933 IPv4
103.118.192.0/22,AS55933 IPv4
103.145.60.0/24,AS55933 IPv4
103.30.41.0/24,AS55933 IPv4
123.108.108.0/23,AS55933 IPv4
38.147.168.0/23,AS55933 IPv4
43.224.248.0/23,AS55933 IPv4
103.140.126.0/24,AS55933 IPv4
199.187.16.0/22,AS55933 IPv4
103.51.146.0/23,AS55933 IPv4
103.253.142.0/23,AS55933 IPv4
146.196.82.0/23,AS55933 IPv4
43.237.184.0/22,AS55933 IPv4
103.246.246.0/23,AS55933 IPv4
103.231.14.0/23,AS55933 IPv4
103.24.205.0/24,AS55933 IPv4
206.237.24.0/21,AS55933 IPv4
24.233.15.0/24,AS55933 IPv4
221.128.192.0/19,AS55933 IPv4
103.118.240.0/22,AS55933 IPv4
103.66.92.0/22,AS55933 IPv4
103.253.143.0/24,AS55933 IPv4
122.0.132.0/22,AS55933 IPv4
103.30.42.0/23,AS55933 IPv4
103.238.227.0/24,AS55933 IPv4
2405:7240::/32,AS55933 IPv6
103.193.150.0/23,AS55933 IPv4
43.237.160.0/22,AS55933 IPv4
103.118.200.0/22,AS55933 IPv4
103.153.128.0/23,AS55933 IPv4
111.66.0.0/21,AS55933 IPv4
2403:3bc0::/32,AS55933 IPv6
109.206.244.0/22,AS55933 IPv4
103.242.132.0/23,AS55933 IPv4
223.254.131.0/24,AS55933 IPv4
103.193.149.0/24,AS55933 IPv4
103.214.172.0/24,AS55933 IPv4
103.140.126.0/23,AS55933 IPv4
111.66.128.0/21,AS55933 IPv4
103.145.191.0/24,AS55933 IPv4
103.237.92.0/23,AS55933 IPv4
223.254.139.0/24,AS55933 IPv4
103.59.100.0/22,AS55933 IPv4
185.239.84.0/23,AS55933 IPv4
43.254.216.0/24,AS55933 IPv4
154.198.138.0/24,AS55933 IPv4
38.47.100.0/22,AS55933 IPv4
60.200.231.0/24,AS55933 IPv4
122.0.224.0/20,AS55933 IPv4
103.109.106.0/24,AS55933 IPv4
185.242.234.0/24,AS55933 IPv4
45.64.113.0/24,AS55933 IPv4
5.180.96.0/24,AS55933 IPv4
111.66.136.0/21,AS55933 IPv4
194.32.148.0/23,AS55933 IPv4
36.0.128.0/17,AS55933 IPv4
111.66.179.0/24,AS55933 IPv4
60.200.232.0/24,AS55933 IPv4
221.128.197.0/24,AS55933 IPv4
103.24.206.0/24,AS55933 IPv4
14.1.96.0/23,AS55933 IPv4
103.178.56.0/24,AS55933 IPv4
154.198.159.0/24,AS55933 IPv4
103.105.23.0/24,AS55933 IPv4
103.109.106.0/23,AS55933 IPv4
123.254.108.0/22,AS55933 IPv4
38.207.132.0/23,AS55933 IPv4
154.198.155.0/24,AS55933 IPv4
185.207.154.0/24,AS55933 IPv4
122.0.128.0/22,AS55933 IPv4
223.254.128.0/18,AS55933 IPv4
223.254.208.0/24,AS55933 IPv4
103.142.102.0/23,AS55933 IPv4
103.118.244.0/22,AS55933 IPv4
154.198.143.0/24,AS55933 IPv4
223.254.224.0/20,AS55933 IPv4
45.11.79.0/24,AS55933 IPv4
60.200.233.0/24,AS55933 IPv4
185.239.84.0/22,AS55933 IPv4
24.233.28.0/24,AS55933 IPv4
45.64.75.0/24,AS55933 IPv4
103.231.12.0/23,AS55933 IPv4
206.237.24.0/24,AS55933 IPv4
122.0.200.0/21,AS55933 IPv4
221.128.224.0/21,AS55933 IPv4
43.237.152.0/22,AS55933 IPv4
122.0.176.0/21,AS55933 IPv4
146.196.82.0/24,AS55933 IPv4
103.56.114.0/23,AS55933 IPv4
103.97.130.0/23,AS55933 IPv4
185.239.86.0/23,AS55933 IPv4
45.125.34.0/23,AS55933 IPv4
103.212.186.0/24,AS55933 IPv4
103.242.132.0/22,AS55933 IPv4
154.198.129.0/24,AS55933 IPv4
45.64.74.0/24,AS55933 IPv4
43.252.228.0/22,AS55933 IPv4
103.85.20.0/22,AS55933 IPv4
122.0.144.0/21,AS55933 IPv4
103.246.244.0/22,AS55933 IPv4
149.104.16.0/22,AS55933 IPv4
45.125.12.0/22,AS55933 IPv4
221.128.160.0/19,AS55933 IPv4
103.97.128.0/22,AS55933 IPv4
154.198.140.0/24,AS55933 IPv4
103.51.144.0/24,AS55933 IPv4
185.242.232.0/24,AS55933 IPv4
182.237.0.0/23,AS55933 IPv4
102.134.58.0/23,AS55933 IPv4
206.237.16.0/20,AS55933 IPv4
185.232.93.0/24,AS55933 IPv4
45.153.128.0/22,AS55933 IPv4
185.245.41.0/24,AS55933 IPv4
60.200.228.0/23,AS55933 IPv4
45.94.43.0/24,AS55933 IPv4
154.198.131.0/24,AS55933 IPv4
103.193.148.0/23,AS55933 IPv4
5.180.96.0/22,AS55933 IPv4
24.233.12.0/24,AS55933 IPv4
45.119.52.0/22,AS55933 IPv4
102.134.32.0/23,AS55933 IPv4
103.66.218.0/23,AS55933 IPv4
102.134.56.0/23,AS55933 IPv4
103.229.124.0/22,AS55933 IPv4
154.198.158.0/24,AS55933 IPv4
103.85.22.0/23,AS55933 IPv4
60.200.224.0/24,AS55933 IPv4
103.253.142.0/24,AS55933 IPv4
103.56.112.0/23,AS55933 IPv4
103.212.186.0/23,AS55933 IPv4
154.198.130.0/24,AS55933 IPv4
156.254.7.0/24,AS55933 IPv4
103.112.70.0/23,AS55933 IPv4
206.237.16.0/21,AS55933 IPv4
144.48.8.0/24,AS55933 IPv4
123.108.109.0/24,AS55933 IPv4
45.128.221.0/24,AS55933 IPv4
45.11.76.0/24,AS55933 IPv4
111.66.176.0/21,AS55933 IPv4
43.237.144.0/22,AS55933 IPv4
103.76.84.0/23,AS55933 IPv4
2403:3b40::/32,AS55933 IPv6
103.245.24.0/23,AS55933 IPv4
154.198.147.0/24,AS55933 IPv4
198.44.255.0/24,AS55933 IPv4
103.115.56.0/23,AS55933 IPv4
103.212.32.0/23,AS55933 IPv4
60.200.232.0/22,AS55933 IPv4
45.125.18.0/24,AS55933 IPv4
45.89.232.0/24,AS55933 IPv4
185.227.154.0/23,AS55933 IPv4
103.174.96.0/23,AS55933 IPv4
45.125.32.0/22,AS55933 IPv4
144.48.8.0/23,AS55933 IPv4
203.160.52.0/23,AS55933 IPv4
103.132.160.0/23,AS55933 IPv4
154.9.244.0/22,AS55933 IPv4
154.198.154.0/24,AS55933 IPv4
2a0d:2480::/29,AS55933 IPv6
103.212.32.0/24,AS55933 IPv4
103.115.64.0/22,AS55933 IPv4
43.237.164.0/22,AS55933 IPv4
111.66.101.0/24,AS55933 IPv4
60.200.230.0/23,AS55933 IPv4
103.21.136.0/24,AS55933 IPv4
146.196.80.0/24,AS55933 IPv4
38.147.168.0/24,AS55933 IPv4
45.125.18.0/23,AS55933 IPv4
45.64.112.0/24,AS55933 IPv4
43.254.219.0/24,AS55933 IPv4
149.104.16.0/23,AS55933 IPv4
60.200.204.0/23,AS55933 IPv4
43.237.156.0/22,AS55933 IPv4
45.119.54.0/23,AS55933 IPv4
43.224.249.0/24,AS55933 IPv4
103.115.56.0/22,AS55933 IPv4
154.198.145.0/24,AS55933 IPv4
14.1.96.0/22,AS55933 IPv4
103.118.252.0/22,AS55933 IPv4
178.255.245.0/24,AS55933 IPv4
43.237.136.0/22,AS55933 IPv4
5.180.99.0/24,AS55933 IPv4
103.90.203.0/24,AS55933 IPv4
103.153.129.0/24,AS55933 IPv4
24.233.0.0/20,AS55933 IPv4
154.198.152.0/24,AS55933 IPv4
43.237.168.0/22,AS55933 IPv4
103.56.112.0/24,AS55933 IPv4
103.212.187.0/24,AS55933 IPv4
45.221.116.0/23,AS55933 IPv4
111.66.24.0/21,AS55933 IPv4
122.0.156.0/22,AS55933 IPv4
103.237.92.0/24,AS55933 IPv4
103.142.102.0/24,AS55933 IPv4
103.112.68.0/23,AS55933 IPv4
154.198.149.0/24,AS55933 IPv4
103.30.40.0/23,AS55933 IPv4
123.108.108.0/22,AS55933 IPv4
103.229.119.0/24,AS55933 IPv4
2404:8c80::/32,AS55933 IPv6
103.100.158.0/23,AS55933 IPv4
103.174.96.0/24,AS55933 IPv4
111.66.48.0/21,AS55933 IPv4
45.116.79.0/24,AS55933 IPv4
24.233.0.0/24,AS55933 IPv4
154.198.141.0/24,AS55933 IPv4
60.200.225.0/24,AS55933 IPv4
185.227.152.0/24,AS55933 IPv4
103.66.216.0/22,AS55933 IPv4
43.240.12.0/23,AS55933 IPv4
202.181.24.0/22,AS55933 IPv4
38.147.174.0/24,AS55933 IPv4
182.237.0.0/22,AS55933 IPv4
60.200.234.0/24,AS55933 IPv4
2404:3c40::/32,AS55933 IPv6
43.237.188.0/22,AS55933 IPv4
103.24.0.0/23,AS55933 IPv4
103.140.127.0/24,AS55933 IPv4
154.198.156.0/24,AS55933 IPv4
154.89.148.0/24,AS55933 IPv4
103.126.208.0/23,AS55933 IPv4
43.243.169.0/24,AS55933 IPv4
103.224.82.0/23,AS55933 IPv4
154.198.151.0/24,AS55933 IPv4
38.47.102.0/23,AS55933 IPv4
103.59.102.0/23,AS55933 IPv4
38.45.108.0/23,AS55933 IPv4
221.128.248.0/21,AS55933 IPv4
45.125.35.0/24,AS55933 IPv4
38.47.108.0/24,AS55933 IPv4
154.198.153.0/24,AS55933 IPv4
103.118.196.0/22,AS55933 IPv4
221.128.240.0/20,AS55933 IPv4
206.237.8.0/24,AS55933 IPv4
103.214.173.0/24,AS55933 IPv4
103.85.20.0/23,AS55933 IPv4
45.116.78.0/23,AS55933 IPv4
43.237.176.0/22,AS55933 IPv4
43.251.17.0/24,AS55933 IPv4
122.0.196.0/22,AS55933 IPv4
193.42.24.0/23,AS55933 IPv4
206.237.22.0/24,AS55933 IPv4
103.197.26.0/23,AS55933 IPv4
43.251.16.0/24,AS55933 IPv4
103.97.128.0/23,AS55933 IPv4
122.0.160.0/20,AS55933 IPv4
2001:df1:2580::/48,AS55933 IPv6
103.237.93.0/24,AS55933 IPv4
103.39.110.0/23,AS55933 IPv4
102.134.32.0/22,AS55933 IPv4
221.128.208.0/20,AS55933 IPv4
154.198.144.0/24,AS55933 IPv4
103.229.60.0/23,AS55933 IPv4
154.198.150.0/24,AS55933 IPv4
199.187.24.0/22,AS55933 IPv4
103.112.68.0/22,AS55933 IPv4
60.200.224.0/23,AS55933 IPv4
103.242.134.0/24,AS55933 IPv4
223.254.224.0/19,AS55933 IPv4
103.246.244.0/23,AS55933 IPv4
103.193.148.0/22,AS55933 IPv4
221.128.192.0/18,AS55933 IPv4
103.24.0.0/22,AS55933 IPv4
185.207.154.0/23,AS55933 IPv4
45.221.116.0/22,AS55933 IPv4
185.227.152.0/23,AS55933 IPv4
185.232.92.0/23,AS55933 IPv4
111.66.184.0/21,AS55933 IPv4
103.229.60.0/22,AS55933 IPv4
103.104.198.0/23,AS55933 IPv4
103.224.80.0/23,AS55933 IPv4
103.119.16.0/22,AS55933 IPv4
103.242.2.0/23,AS55933 IPv4
185.207.155.0/24,AS55933 IPv4
103.197.24.0/22,AS55933 IPv4
38.147.175.0/24,AS55933 IPv4
38.47.122.0/23,AS55933 IPv4
60.200.205.0/24,AS55933 IPv4
146.196.80.0/23,AS55933 IPv4
154.198.132.0/24,AS55933 IPv4
156.0.92.0/22,AS55933 IPv4
45.153.128.0/23,AS55933 IPv4
38.47.122.0/24,AS55933 IPv4
223.254.240.0/20,AS55933 IPv4
24.233.2.0/24,AS55933 IPv4
221.128.192.0/20,AS55933 IPv4
45.251.242.0/24,AS55933 IPv4
103.215.80.0/22,AS55933 IPv4
38.47.100.0/23,AS55933 IPv4
103.226.124.0/22,AS55933 IPv4
144.48.240.0/22,AS55933 IPv4
206.237.27.0/24,AS55933 IPv4
123.108.108.0/24,AS55933 IPv4
103.39.108.0/22,AS55933 IPv4
43.254.216.0/23,AS55933 IPv4
103.118.222.0/24,AS55933 IPv4
103.231.15.0/24,AS55933 IPv4
146.196.81.0/24,AS55933 IPv4
103.119.0.0/22,AS55933 IPv4
45.11.76.0/22,AS55933 IPv4
110.42.15.0/24,AS55933 IPv4
103.242.134.0/23,AS55933 IPv4
24.233.31.0/24,AS55933 IPv4
60.200.235.0/24,AS55933 IPv4
185.242.232.0/23,AS55933 IPv4
122.0.188.0/22,AS55933 IPv4
103.231.12.0/22,AS55933 IPv4
103.226.124.0/24,AS55933 IPv4
185.207.152.0/24,AS55933 IPv4
60.200.229.0/24,AS55933 IPv4
45.251.243.0/24,AS55933 IPv4
102.220.88.0/22,AS55933 IPv4
154.89.149.0/24,AS55933 IPv4
38.207.132.0/22,AS55933 IPv4
103.24.2.0/23,AS55933 IPv4
43.237.140.0/22,AS55933 IPv4
122.0.140.0/22,AS55933 IPv4
221.128.224.0/20,AS55933 IPv4
45.85.76.0/22,AS55933 IPv4
38.207.134.0/23,AS55933 IPv4
185.232.94.0/24,AS55933 IPv4
111.66.144.0/21,AS55933 IPv4
154.198.128.0/19,AS55933 IPv4
103.238.224.0/24,AS55933 IPv4
111.66.16.0/21,AS55933 IPv4
103.142.103.0/24,AS55933 IPv4
103.229.61.0/24,AS55933 IPv4
154.198.135.0/24,AS55933 IPv4
45.221.118.0/24,AS55933 IPv4
43.237.180.0/22,AS55933 IPv4
43.224.248.0/24,AS55933 IPv4
185.243.242.0/24,AS55933 IPv4
111.66.32.0/21,AS55933 IPv4
43.251.16.0/23,AS55933 IPv4
122.0.136.0/22,AS55933 IPv4
103.197.27.0/24,AS55933 IPv4
43.237.148.0/22,AS55933 IPv4
24.233.14.0/24,AS55933 IPv4
203.189.235.0/24,AS55933 IPv4
103.195.148.0/22,AS55933 IPv4
103.66.92.0/23,AS55933 IPv4
146.196.80.0/22,AS55933 IPv4
199.187.24.0/23,AS55933 IPv4
123.136.92.0/23,AS55933 IPv4
185.242.234.0/23,AS55933 IPv4
123.254.110.0/24,AS55933 IPv4
149.104.20.0/24,AS55933 IPv4
5.180.98.0/23,AS55933 IPv4
38.47.106.0/24,AS55933 IPv4
45.116.78.0/24,AS55933 IPv4
178.255.244.0/23,AS55933 IPv4
38.47.107.0/24,AS55933 IPv4
185.245.40.0/23,AS55933 IPv4
93.187.128.0/22,AS55933 IPv4
202.181.26.0/23,AS55933 IPv4
185.216.116.0/22,AS55933 IPv4
103.229.62.0/24,AS55933 IPv4
2403:3a40::/32,AS55933 IPv6
103.238.226.0/23,AS55933 IPv4
45.153.129.0/24,AS55933 IPv4
223.254.128.0/19,AS55933 IPv4
103.51.144.0/23,AS55933 IPv4
103.126.210.0/23,AS55933 IPv4
122.0.248.0/22,AS55933 IPv4
38.47.123.0/24,AS55933 IPv4
154.198.146.0/24,AS55933 IPv4
154.198.128.0/24,AS55933 IPv4
154.9.246.0/23,AS55933 IPv4
223.254.160.0/19,AS55933 IPv4
45.125.12.0/23,AS55933 IPv4
45.251.242.0/23,AS55933 IPv4
110.34.56.0/22,AS55933 IPv4
103.197.24.0/24,AS55933 IPv4
103.39.108.0/23,AS55933 IPv4
103.229.60.0/24,AS55933 IPv4
123.136.92.0/22,AS55933 IPv4
185.243.240.0/24,AS55933 IPv4
182.237.0.0/24,AS55933 IPv4
45.64.112.0/23,AS55933 IPv4
45.119.52.0/23,AS55933 IPv4
103.66.94.0/23,AS55933 IPv4
223.254.138.0/24,AS55933 IPv4
45.120.158.0/24,AS55933 IPv4
45.10.175.0/24,AS55933 IPv4
43.243.168.0/24,AS55933 IPv4
154.198.142.0/24,AS55933 IPv4
203.160.55.0/24,AS55933 IPv4
60.200.204.0/24,AS55933 IPv4
122.0.212.0/22,AS55933 IPv4
122.0.240.0/22,AS55933 IPv4
103.214.172.0/23,AS55933 IPv4
194.32.149.0/24,AS55933 IPv4
103.229.62.0/23,AS55933 IPv4
139.183.0.0/18,AS55933 IPv4
202.181.25.0/24,AS55933 IPv4
45.125.32.0/23,AS55933 IPv4
103.115.40.0/22,AS55933 IPv4
122.0.220.0/22,AS55933 IPv4
93.177.76.0/23,AS55933 IPv4
103.238.224.0/23,AS55933 IPv4
103.56.112.0/22,AS55933 IPv4
221.128.195.0/24,AS55933 IPv4
43.252.228.0/23,AS55933 IPv4
103.145.190.0/23,AS55933 IPv4
154.198.137.0/24,AS55933 IPv4
43.240.15.0/24,AS55933 IPv4
203.189.234.0/23,AS55933 IPv4
199.187.26.0/23,AS55933 IPv4
103.51.144.0/22,AS55933 IPv4
111.66.152.0/21,AS55933 IPv4
103.115.58.0/23,AS55933 IPv4
154.9.244.0/23,AS55933 IPv4
146.196.83.0/24,AS55933 IPv4
60.200.230.0/24,AS55933 IPv4
103.39.108.0/24,AS55933 IPv4
43.237.172.0/22,AS55933 IPv4
45.10.172.0/22,AS55933 IPv4
14.1.98.0/23,AS55933 IPv4
103.115.60.0/22,AS55933 IPv4
154.198.157.0/24,AS55933 IPv4
203.160.54.0/23,AS55933 IPv4
185.227.152.0/22,AS55933 IPv4
103.76.84.0/24,AS55933 IPv4
122.0.184.0/22,AS55933 IPv4
45.92.158.0/24,AS55933 IPv4
2404:3bc0::/32,AS55933 IPv6
111.66.40.0/21,AS55933 IPv4
103.151.5.0/24,AS55933 IPv4
199.187.16.0/23,AS55933 IPv4
23.129.76.0/23,AS55933 IPv4
103.226.116.0/23,AS55933 IPv4
111.66.168.0/21,AS55933 IPv4
154.198.134.0/24,AS55933 IPv4
185.242.232.0/22,AS55933 IPv4
5.180.98.0/24,AS55933 IPv4
43.237.128.0/22,AS55933 IPv4
103.231.12.0/24,AS55933 IPv4
156.254.6.0/24,AS55933 IPv4
123.136.94.0/24,AS55933 IPv4
154.198.139.0/24,AS55933 IPv4
45.92.159.0/24,AS55933 IPv4
38.47.106.0/23,AS55933 IPv4
202.181.24.0/24,AS55933 IPv4
43.254.218.0/24,AS55933 IPv4
221.128.128.0/18,AS55933 IPv4
60.200.228.0/24,AS55933 IPv4
45.125.19.0/24,AS55933 IPv4
43.254.217.0/24,AS55933 IPv4
122.0.244.0/22,AS55933 IPv4
103.59.100.0/23,AS55933 IPv4
206.237.8.0/23,AS55933 IPv4
111.66.56.0/21,AS55933 IPv4
221.128.128.0/19,AS55933 IPv4
103.243.24.0/22,AS55933 IPv4
154.198.133.0/24,AS55933 IPv4
103.126.208.0/22,AS55933 IPv4
122.0.152.0/22,AS55933 IPv4
122.0.208.0/22,AS55933 IPv4
123.108.110.0/23,AS55933 IPv4
103.231.13.0/24,AS55933 IPv4
111.66.8.0/21,AS55933 IPv4
178.255.244.0/24,AS55933 IPv4
203.160.52.0/22,AS55933 IPv4
206.237.9.0/24,AS55933 IPv4
103.66.216.0/23,AS55933 IPv4
45.116.76.0/23,AS55933 IPv4
103.238.224.0/22,AS55933 IPv4
103.145.60.0/23,AS55933 IPv4
122.10.112.0/21,AS55933 IPv4
103.109.107.0/24,AS55933 IPv4
43.252.230.0/23,AS55933 IPv4
103.30.40.0/22,AS55933 IPv4
154.198.148.0/24,AS55933 IPv4
120.30.150.0/24,AS55933 IPv4
112.142.160.0/22,AS55933 IPv4
